6.415625000000000000e+01
1.064531250000000000e+02
6.321875000000000000e+01
1.231093750000000000e+02
6.321875000000000000e+01
1.397656250000000000e+02
6.321875000000000000e+01
1.602656250000000000e+02
6.509375000000000000e+01
1.794843750000000000e+02
7.353125000000000000e+01
1.948593750000000000e+02
8.478125000000000000e+01
2.051093750000000000e+02
9.790625000000000000e+01
2.115156250000000000e+02
1.119687500000000000e+02
2.127968750000000000e+02
1.232187500000000000e+02
2.127968750000000000e+02
1.354062500000000000e+02
2.115156250000000000e+02
1.457187500000000000e+02
2.051093750000000000e+02
1.541562500000000000e+02
1.935781250000000000e+02
1.607187500000000000e+02
1.807656250000000000e+02
1.672812500000000000e+02
1.666718750000000000e+02
1.719687500000000000e+02
1.525781250000000000e+02
1.757187500000000000e+02
1.359218750000000000e+02
8.571875000000000000e+01
9.748437500000000000e+01
9.462500000000000000e+01
9.492187500000000000e+01
1.044687500000000000e+02
9.748437500000000000e+01
1.129062500000000000e+02
1.000468750000000000e+02
1.218125000000000000e+02
1.038906250000000000e+02
1.480625000000000000e+02
1.102968750000000000e+02
1.560312500000000000e+02
1.109375000000000000e+02
1.635312500000000000e+02
1.115781250000000000e+02
1.710312500000000000e+02
1.128593750000000000e+02
1.757187500000000000e+02
1.192656250000000000e+02
1.335312500000000000e+02
1.218281250000000000e+02
1.325937500000000000e+02
1.320781250000000000e+02
1.316562500000000000e+02
1.410468750000000000e+02
1.307187500000000000e+02
1.500156250000000000e+02
1.147812500000000000e+02
1.564218750000000000e+02
1.204062500000000000e+02
1.577031250000000000e+02
1.260312500000000000e+02
1.602656250000000000e+02
1.316562500000000000e+02
1.628281250000000000e+02
1.372812500000000000e+02
1.641093750000000000e+02
9.415625000000000000e+01
1.128593750000000000e+02
9.884375000000000000e+01
1.102968750000000000e+02
1.119687500000000000e+02
1.141406250000000000e+02
1.157187500000000000e+02
1.205468750000000000e+02
1.100937500000000000e+02
1.205468750000000000e+02
9.790625000000000000e+01
1.179843750000000000e+02
1.438437500000000000e+02
1.282343750000000000e+02
1.504062500000000000e+02
1.231093750000000000e+02
1.625937500000000000e+02
1.256718750000000000e+02
1.663437500000000000e+02
1.320781250000000000e+02
1.607187500000000000e+02
1.333593750000000000e+02
1.494687500000000000e+02
1.307968750000000000e+02
9.790625000000000000e+01
1.730781250000000000e+02
1.082187500000000000e+02
1.705156250000000000e+02
1.194687500000000000e+02
1.692343750000000000e+02
1.232187500000000000e+02
1.705156250000000000e+02
1.269687500000000000e+02
1.717968750000000000e+02
1.316562500000000000e+02
1.782031250000000000e+02
1.354062500000000000e+02
1.858906250000000000e+02
1.297812500000000000e+02
1.897343750000000000e+02
1.241562500000000000e+02
1.910156250000000000e+02
1.185312500000000000e+02
1.910156250000000000e+02
1.110312500000000000e+02
1.871718750000000000e+02
1.044687500000000000e+02
1.807656250000000000e+02
9.884375000000000000e+01
1.743593750000000000e+02
1.100937500000000000e+02
1.756406250000000000e+02
1.213437500000000000e+02
1.769218750000000000e+02
1.279062500000000000e+02
1.807656250000000000e+02
1.344687500000000000e+02
1.846093750000000000e+02
1.279062500000000000e+02
1.820468750000000000e+02
1.204062500000000000e+02
1.794843750000000000e+02
1.100937500000000000e+02
1.769218750000000000e+02
